5.875127 0.567562 21.109117
4.508058 2.620193 10.153095
0.501080 37.544687 4.351311
3.910230 9.703932 9.093694
4.659311 5.238987 16.272857
4.435043 3.232301 10.006321
9.763528 -6.946193 22.011775
4.393398 3.407842 17.851420
1.326262 26.785461 5.777370
5.907409 0.127974 20.109771
4.693178 1.159741 10.285569
8.297086 -10.701615 25.177000
1.836797 23.988188 4.368112
9.010795 -6.981773 27.350272
8.145813 -10.927196 24.162356
9.938342 -8.796602 23.765462
0.927556 30.156902 8.640521
1.564189 25.482521 11.416131
7.203547 -2.295825 25.650441
4.933440 -0.059379 11.623755
8.661727 -6.514417 22.700943
5.263277 1.015356 20.018479
5.710899 2.258192 20.730308
7.270849 -8.544842 24.815189
3.675512 6.659501 13.080980
1.089325 26.271075 5.769276
9.976522 -10.597349 27.745153
2.680430 14.920892 12.917425
8.119784 -11.657759 20.216970
4.716250 6.754894 15.545156
4.971810 1.932187 12.505170
5.033615 0.738416 13.243371
5.810420 -4.492665 14.725843
0.530954 35.710438 1.762609
8.147564 -10.110957 20.020719
7.537421 -8.423630 22.133185
1.608751 24.402281 2.660233
5.253947 4.065570 16.256331
1.675785 27.954026 8.380662
7.503384 -5.313102 17.017726
0.404977 34.819856 5.775792
1.896710 23.415772 7.327362
1.901485 19.984579 9.974847
7.669860 -8.823897 26.626708
9.162573 -6.961240 24.035867
2.335144 20.223700 12.391363
8.549509 -6.100292 26.580449
7.182854 -8.415119 25.515543
8.530708 -7.661922 27.577949
4.525013 5.744879 17.491662
2.073868 24.318272 3.671925
5.053419 5.029712 12.732122
7.461258 -6.023822 19.380889
9.516153 -12.411542 25.850501
1.006862 31.588833 4.788610
8.702072 -7.639295 19.768172
8.564121 -9.202967 24.808252
5.287191 -0.521366 16.672043
0.826573 30.678961 5.062871
1.613888 21.927870 2.817673
0.500907 35.634588 1.932489
1.243922 27.440893 2.914565
8.332335 -6.539765 20.973506
2.738586 15.724619 14.597184
6.443437 -5.681060 18.927200
1.332667 26.576851 3.361386
6.495423 -7.467193 15.213248
1.818907 22.638308 8.862619
1.381759 26.014962 8.737789
0.474426 37.806296 0.178407
0.998257 28.981900 5.122700
0.295100 35.213011 6.953535
4.927160 4.046106 16.403015
3.175172 9.446861 6.033698
6.817193 -5.690542 22.669915
6.181164 -6.145681 21.789175
8.402538 -9.594926 21.633299
5.457023 1.080688 21.368746
5.034714 3.048801 14.625539
4.655686 6.617829 12.537255
6.937401 -5.449761 21.791897
5.623802 -1.494668 12.984143
5.956342 -2.604718 22.515088
6.488526 -2.054788 24.229942
3.530536 8.229717 7.197101
0.570847 30.478689 -1.271144
2.342445 19.652044 9.157050
1.567222 23.850919 10.461015
8.604751 -9.515758 26.676266
1.942542 26.238445 7.750483
6.105862 -4.229962 20.861346
7.612622 -3.592481 25.168039
4.430609 1.932429 15.779206
9.366622 -13.322950 30.167489
0.399229 33.395918 7.646712
3.917705 10.777332 10.443732
4.053315 4.236056 9.039074
1.542344 28.737666 9.578759
2.973615 17.583834 7.966482
1.856949 19.296160 7.398357
