0.000000 6.093183
0.204082 3.584366
0.408163 4.136280
0.612245 2.607580
0.816327 1.394013
1.020408 1.379455
1.224490 1.640121
1.428571 0.322808
1.632653 0.905323
1.836735 -0.541851
2.040816 -0.620464
2.244898 -1.096218
2.448980 -0.428999
2.653061 -0.445703
2.857143 -0.520807
3.061224 -0.789374
3.265306 1.001840
3.469388 -0.058277
3.673469 0.116458
3.877551 0.827954
4.081633 2.257280
4.285714 2.316794
4.489796 3.788885
4.693878 3.140052
4.897959 4.384690
5.102041 5.364643
5.306122 6.077423
5.510204 6.466166
5.714286 7.333410
5.918367 8.580225
6.122449 10.192436
6.326531 10.724102
6.530612 12.124906
6.734694 13.495455
6.938776 12.399646
7.142857 15.149014
7.346939 15.553554
7.551020 16.047229
7.755102 15.845982
7.959184 17.827860
8.163265 18.023278
8.367347 18.224407
8.571429 17.015003
8.775510 18.389568
8.979592 18.526249
9.183673 17.019663
9.387755 18.121898
9.591837 16.461830
9.795918 15.129935
10.000000 14.792836
