9.559587556662082486e-01 9.656466683174680377e-01
5.355778363626585437e-01 1.254955054562866268e-01
3.974214523866300697e-01 5.262730113778371077e-01
1.777356197144546179e-01 9.210319921331353576e-01
4.778950005584936545e-01 8.173538754080168500e-01
2.994418934595731718e-01 2.010165659775497993e-01
6.142644400537775606e-01 9.038748074705252877e-01
9.624349371890743576e-01 5.326294419765162935e-01
2.531674970574241401e-01 7.360391351363833046e-01
2.500000000000000000e-01 2.986383167603594568e-01
